SrNo,email,Pd,PDMax,PD_Prec,PDcorrect,PDincorrect,PdSkipped,PDTotalTimeTaken,PDTimeDuration,Totalpdquestions,Rank,PDClasses,PDTotalAttend,Testshared,Testattempted,TotalQuestions
1,prabhgold2000@gmail.com,17,30,56.66666667,24,3,2,60,60,30,1,19,24,6,4,90
2,SAKSHAMS395@GMAIL.COM,23,30,76.66666667,24,3,2,60,60,30,2,19,24,6,4,90
3,anurajput1131@gmail.com,24,30,80,24,3,2,60,60,30,3,19,24,6,4,90
4,anisharajput6260@gmail.com,24,30,80,24,3,2,60,60,30,4,19,24,6,4,90
5,sdiksha032001@gmail.com,25,30,83.33333333,24,3,2,60,60,30,5,19,24,6,4,90
6,karshdeep977@gmail.com,25,30,83.33333333,24,3,2,60,60,30,6,19,24,6,4,90
7,bhagatsangeeta36@gmail.com,24,30,80,24,3,2,60,60,30,7,19,24,6,4,90
8,nikhilbatta79@gmail.com,26,30,86.66666667,24,3,2,60,60,30,8,19,24,6,4,90
9,simrandeepk235@gmail.com,25,30,83.33333333,24,3,2,60,60,30,9,19,24,6,4,90
10,yashwinder08@gmail.com ,23,30,76.66666667,24,3,2,60,60,30,10,19,24,6,4,90
11,Sharmakhushi1353@gmail.com ,24,30,80,24,3,2,60,60,30,11,19,24,6,4,90
12,onal052001@gmail.com,27,30,90,24,3,2,60,60,30,12,19,24,6,4,90
13,harleenmatharoo8@gmail.com,10,30,33.33333333,24,3,2,60,60,30,13,19,24,6,4,90
14,mayankgupta.cse19@chitkarauniversity.edu.in,17,30,56.66666667,24,3,2,60,60,30,14,19,24,6,4,90
15,gauravgurjar.cse19@chitkarauniversity.edu.in,17,30,56.66666667,24,3,2,60,60,30,15,19,24,6,4,90
16,ashishsharma.cse19@chitkarauniversity.edu.in,20,30,66.66666667,24,3,2,60,60,30,16,19,24,6,4,90
17,prasanjitchetri.cse19@chitkarauniversity.edu.in,17,30,56.66666667,24,3,2,60,60,30,17,19,24,6,4,90
18,bsharma1506.ca21@chitkara.edu.in,17,30,56.66666667,24,3,2,60,60,30,18,19,24,6,4,90
19,sdevi1595.ca21@chitkara.edu.in,17,30,56.66666667,24,3,2,60,60,30,19,19,24,6,4,90
20,sumit739@yahoo.com,14,30,46.66666667,24,3,2,60,60,30,20,19,24,6,4,90
21,patialvisahil@gmail.com,1,30,3.333333333,24,3,2,60,60,30,21,19,24,6,4,90
22,Manishpctebtech19cee@gmail.com,4,30,13.33333333,24,3,2,60,60,30,22,19,24,6,4,90
23,Kartik1310200@gmail.con,20,30,66.66666667,24,3,2,60,60,30,23,19,24,6,4,90
24,satnamsinghjossan@gmail.com,21,30,70,24,3,2,60,60,30,24,19,24,6,4,90
25,mohitloomba92@gmail.com,25,30,83.33333333,24,3,2,60,60,30,25,19,24,6,4,90
26,navjotkaurbenipal0@gmail.com,20,30,66.66666667,24,3,2,60,60,30,26,19,24,6,4,90
27,kaurraminder27809@gmail.com,25,30,83.33333333,24,3,2,60,60,30,27,19,24,6,4,90
28,meechkesonia@gmail.com,24,30,80,24,3,2,60,60,30,28,19,24,6,4,90
29,vipanjotkaur71@gmail.com,20,30,66.66666667,24,3,2,60,60,30,29,19,24,6,4,90
30,akkiadlakha7@gmail.com,17,30,56.66666667,24,3,2,60,60,30,30,19,24,6,4,90
31,amansaini9059@gmail.com,17,30,56.66666667,24,3,2,60,60,30,31,19,24,6,4,90
32,kaursimran2k1@gmail.com,17,30,56.66666667,24,3,2,60,60,30,32,19,24,6,4,90
33,aksadawarti@gmail.com,17,30,56.66666667,24,3,2,60,60,30,33,19,24,6,4,90
34,jasdeepkaurj04@gmail.com,2,30,6.666666667,24,3,2,60,60,30,34,19,24,6,4,90
35,abhishekapril1998@gmail.com,13,30,43.33333333,24,3,2,60,60,30,35,19,24,6,4,90
36,Nikhilbatra622@gmail.com,20,30,66.66666667,24,3,2,60,60,30,36,19,24,6,4,90
37,Kaursimranjeet45506@gmail.com,14,30,46.66666667,24,3,2,60,60,30,37,19,24,6,4,90
38,tammyarora1210@gmail.com,12,30,40,24,3,2,60,60,30,38,19,24,6,4,90
39,renurana1819@gmail.com,1,30,3.333333333,24,3,2,60,60,30,39,19,24,6,4,90
40,Guneet481.gs@gmail.com,3,30,10,24,3,2,60,60,30,40,19,24,6,4,90
41,chakshuofficialid@gmail.com,4,30,13.33333333,24,3,2,60,60,30,41,19,24,6,4,90
42,sahilsingla0062@gmail.com,5,30,16.66666667,24,3,2,60,60,30,42,19,24,6,4,90
43,manishrawat2827@gmail.com,7,30,23.33333333,24,3,2,60,60,30,43,19,24,6,4,90
44,sulabhsahore@gmail.com,7,30,23.33333333,24,3,2,60,60,30,44,19,24,6,4,90
45,navneetsingh93204@gmail.com,9,30,30,24,3,2,60,60,30,45,19,24,6,4,90
46,ashishgoutam8789@gmail.com,9,30,30,24,3,2,60,60,30,46,19,24,6,4,90
47,Avik1771@gmail.com,9,30,30,24,3,2,60,60,30,47,19,24,6,4,90
48,himanshuthakur.ht73@gmail.com,10,30,33.33333333,24,3,2,60,60,30,48,19,24,6,4,90
49,Danielwilsonmasih@gmail.com,10,30,33.33333333,24,3,2,60,60,30,49,19,24,6,4,90
50,rupaliradhika22.03.200@gmail.com,12,30,40,24,3,2,60,60,30,50,19,24,6,4,90
51,rohinikanoongo@gmail.com,12,30,40,24,3,2,60,60,30,51,19,24,6,4,90
52,1903041050sneha@gmail.com,3,30,10,24,3,2,60,60,30,52,19,24,6,4,90
53,1903041055sumit@gmail.com,9,30,30,24,3,2,60,60,30,53,19,24,6,4,90
54,ece1903041023mansi@gmail.com,10,30,33.33333333,24,3,2,60,60,30,54,19,24,6,4,90
55,pallvisagar.code@gmail.com,5,30,16.66666667,24,3,2,60,60,30,55,19,24,6,4,90
56,ashishsingh.code@gmail.com,9,30,30,24,3,2,60,60,30,56,19,24,6,4,90
57,roshnisinghpl@gmail.com,10,30,33.33333333,24,3,2,60,60,30,57,19,24,6,4,90
58,princesaini1601@gmail.com,10,30,33.33333333,24,3,2,60,60,30,58,19,24,6,4,90
59,karanpreetsingh817@gmail.com,2,30,6.666666667,24,3,2,60,60,30,59,19,24,6,4,90
60,vinaychibrajput7@gmail.com,4,30,13.33333333,24,3,2,60,60,30,60,19,24,6,4,90
61,Komal202220@gmail.com,9,30,30,24,3,2,60,60,30,61,19,24,6,4,90
62,chiragsingla166@gmail.com,10,30,33.33333333,24,3,2,60,60,30,62,19,24,6,4,90
63,Deephundal2001@gmail.com,12,30,40,24,3,2,60,60,30,63,19,24,6,4,90
64,jatinthakur2404@gmail.com,10,30,33.33333333,24,3,2,60,60,30,64,19,24,6,4,90
65,mohasinwani187@gmail.com,1,30,3.333333333,24,3,2,60,60,30,65,19,24,6,4,90
66,bhardwajrohit2907@gmail.com,9,30,30,24,3,2,60,60,30,66,19,24,6,4,90
67,jeetsimran517@gmail.com,10,30,33.33333333,24,3,2,60,60,30,67,19,24,6,4,90
68,tanishasaggar@gmail.com,12,30,40,24,3,2,60,60,30,68,19,24,6,4,90
69,abhishekn6852@gmail.com,12,30,40,24,3,2,60,60,30,69,19,24,6,4,90
70,rizualrana990@gmail.com,10,30,33.33333333,24,3,2,60,60,30,70,19,24,6,4,90
71,rahul310516@gmail.com,7,30,23.33333333,24,3,2,60,60,30,71,19,24,6,4,90
72,harnoorsaran2001@gmail.com,8,30,26.66666667,24,3,2,60,60,30,72,19,24,6,4,90
73,Barindersaran@gmail.com,10,30,33.33333333,24,3,2,60,60,30,73,19,24,6,4,90
74,lalitkumarchaudhary031@gmail.com,2,30,6.666666667,24,3,2,60,60,30,74,19,24,6,4,90
75,rajatbanyal30p@gmail.com,2,30,6.666666667,24,3,2,60,60,30,75,19,24,6,4,90
76,dhimansanchit01@gmail.com,5,30,16.66666667,24,3,2,60,60,30,76,19,24,6,4,90
77,surajver09@gmail.com,6,30,20,24,3,2,60,60,30,77,19,24,6,4,90
78,nivedita.1901041033.ec.jn@gmail.com,11,30,36.66666667,24,3,2,60,60,30,78,19,24,6,4,90
79,meenakshi.1901041027.ec.jn@gmail.com,11,30,36.66666667,24,3,2,60,60,30,79,19,24,6,4,90
80,ankush25121996@gmail.com,12,30,40,24,3,2,60,60,30,80,19,24,6,4,90
81,manpreetdeosi356@gmail.com,12,30,40,24,3,2,60,60,30,81,19,24,6,4,90
82,Kiranjeetk961@gmail.com,1,30,3.333333333,24,3,2,60,60,30,82,19,24,6,4,90
83,Kiranjeetdhandwal44@gmail.com,7,30,23.33333333,24,3,2,60,60,30,83,19,24,6,4,90
84,amritjot844@gmail.com,9,30,30,24,3,2,60,60,30,84,19,24,6,4,90
85,kuntarani168@gmail.com,11,30,36.66666667,24,3,2,60,60,30,85,19,24,6,4,90
86,justsimranjeet@gmail.com,12,30,40,24,3,2,60,60,30,86,19,24,6,4,90
87,kajkum25@gmail.com,2,30,6.666666667,24,3,2,60,60,30,87,19,24,6,4,90
88,gurpreetsingh49085@gmail.com,3,30,10,24,3,2,60,60,30,88,19,24,6,4,90
89,karamjeetkaur3399@gmail.com,3,30,10,24,3,2,60,60,30,89,19,24,6,4,90
90,Sukhpreetkaur98685@gmail.com,4,30,13.33333333,24,3,2,60,60,30,90,19,24,6,4,90
91,nancypabla01@gmail.com,5,30,16.66666667,24,3,2,60,60,30,91,19,24,6,4,90
92,jasbhatia19@gmail.com,6,30,20,24,3,2,60,60,30,92,19,24,6,4,90
93,akashdeep5093@gmail.com,6,30,20,24,3,2,60,60,30,93,19,24,6,4,90
94,simransandhu1411@gmail.com,9,30,30,24,3,2,60,60,30,94,19,24,6,4,90
95,yashgood59@gmail.com,10,30,33.33333333,24,3,2,60,60,30,95,19,24,6,4,90
96,Chahatmattu15@gmail.com,10,30,33.33333333,24,3,2,60,60,30,96,19,24,6,4,90
97,atulsahore07@gmail.com,10,30,33.33333333,24,3,2,60,60,30,97,19,24,6,4,90
98,inderpreet2208@gmail.com,10,30,33.33333333,24,3,2,60,60,30,98,19,24,6,4,90
99,parthsharma280900@gmail.com,12,30,40,24,3,2,60,60,30,99,19,24,6,4,90
100,dhaania.sahil@gmail.com,12,30,40,24,3,2,60,60,30,100,19,24,6,4,90
101,2000manjindersingh@gmail.com,12,30,40,24,3,2,60,60,30,101,19,24,6,4,90
102,amritpalsarangi@gmail.com,12,30,40,24,3,2,60,60,30,102,19,24,6,4,90
103,suminirola24@gmail.com,1,30,3.333333333,24,3,2,60,60,30,103,19,24,6,4,90
104,mridul71gupta@gmail.com,1,30,3.333333333,24,3,2,60,60,30,104,19,24,6,4,90
105,sumitverma3045@gmail.com,2,30,6.666666667,24,3,2,60,60,30,105,19,24,6,4,90
106,niharikamahajan443@gmail.com,6,30,20,24,3,2,60,60,30,106,19,24,6,4,90
107,sahusomya8900@gmail.com,8,30,26.66666667,24,3,2,60,60,30,107,19,24,6,4,90
108,yashsharma00234@gmail.com,8,30,26.66666667,24,3,2,60,60,30,108,19,24,6,4,90
109,akshit.oldspice08@gmail.com,10,30,33.33333333,24,3,2,60,60,30,109,19,24,6,4,90
110,prabhjit.mahey@gmail.com,10,30,33.33333333,24,3,2,60,60,30,110,19,24,6,4,90
111,ankushmehta978@gmail.com,12,30,40,24,3,2,60,60,30,111,19,24,6,4,90
112,gillanshul636@gmail.com,27,30,90,24,3,2,60,60,30,112,19,24,6,4,90
113,amitojsinghmann.cse19@chitkarauniversity.edu.in,25,30,83.33333333,24,3,2,60,60,30,113,19,24,6,4,90
114,ravipariyar9449@gmail.com,34,30,113.3333333,24,3,2,60,60,30,114,19,24,6,4,90
115,ketandatta815@gmail.com,12,30,40,24,3,2,60,60,30,115,19,24,6,4,90
116,akhiimodgill54@gmail.com,15,30,50,24,3,2,60,60,30,116,19,24,6,4,90
117,dsingh1622.ca20@chitkara.edu.in,23,30,76.66666667,24,3,2,60,60,30,117,19,24,6,4,90
118,rawatatul1998@gmail.com,22,30,73.33333333,24,3,2,60,60,30,118,19,24,6,4,90
119,uic21mca21755@gmail.com,26,30,86.66666667,24,3,2,60,60,30,119,19,24,6,4,90
120,sakshikaur0388@gmail.com,24,30,80,24,3,2,60,60,30,120,19,24,6,4,90
121,sukhkaim6@gmail.com,27,30,90,24,3,2,60,60,30,121,19,24,6,4,90
122,abhitaneja57991@gmail.com,28,30,93.33333333,24,3,2,60,60,30,122,19,24,6,4,90
123,kailashsingh8427@gmail.com,19,30,63.33333333,24,3,2,60,60,30,123,19,24,6,4,90
124,shalinig623@gmail.com,20,30,66.66666667,24,3,2,60,60,30,124,19,24,6,4,90
125,jassuu1011@gmail.com,25,30,83.33333333,24,3,2,60,60,30,125,19,24,6,4,90
126,kanishkdadwal@gmail.com,12,30,40,24,3,2,60,60,30,126,19,24,6,4,90
127,sakthidanie007@gmail.com,10,30,33.33333333,24,3,2,60,60,30,127,19,24,6,4,90
128,purnimashankar14294@gmail.com,1,30,3.333333333,24,3,2,60,60,30,128,19,24,6,4,90
129,duahussain39@gmail.com,9,30,30,24,3,2,60,60,30,129,19,24,6,4,90
130,businessrajatchaudhary2001@gmail.com,10,30,33.33333333,24,3,2,60,60,30,130,19,24,6,4,90
131,asif7y7@gmail.com,12,30,40,24,3,2,60,60,30,131,19,24,6,4,90
132,ak1454789@gmail.com,12,30,40,24,3,2,60,60,30,132,19,24,6,4,90
133,rajinder59044@gmail.com,10,30,33.33333333,24,3,2,60,60,30,133,19,24,6,4,90
134,Vaishali102jawla@gmail.com,7,30,23.33333333,24,3,2,60,60,30,134,19,24,6,4,90
135,saket.jain05se@gmail.com,8,30,26.66666667,24,3,2,60,60,30,135,19,24,6,4,90
136,dalwindersidhu18105@gmail.com,10,30,33.33333333,24,3,2,60,60,30,136,19,24,6,4,90
137,simrandeepnangal@gmail.com,2,30,6.666666667,24,3,2,60,60,30,137,19,24,6,4,90
138,gagandeepsingh8338@gmail.com,2,30,6.666666667,24,3,2,60,60,30,138,19,24,6,4,90
139,atikurrehman96@gmail.com,5,30,16.66666667,24,3,2,60,60,30,139,19,24,6,4,90
140,tyagishivom44@gmail.com,6,30,20,24,3,2,60,60,30,140,19,24,6,4,90
141,naveensaraswat420@gmail.com,11,30,36.66666667,24,3,2,60,60,30,141,19,24,6,4,90
142,meghachaudhary1301@gmail.com,11,30,36.66666667,24,3,2,60,60,30,142,19,24,6,4,90
143,priyalsharma1109@gmail.com,12,30,40,24,3,2,60,60,30,143,19,24,6,4,90
144,indrajeetsinghyadav4@gmail.com,24,30,80,24,3,2,60,60,30,144,19,24,6,4,90
145,abhishakesudan460@gmail.com,25,30,83.33333333,24,3,2,60,60,30,145,19,24,6,4,90
146,arbaazkhanark23@gmail.com,16,30,53.33333333,24,3,2,60,60,30,146,19,24,6,4,90
147,vanshikas2623@gmail.com,26,30,86.66666667,24,3,2,60,60,30,147,19,24,6,4,90
148,shashibhushanjha010@gmail.com,27,30,90,24,3,2,60,60,30,148,19,24,6,4,90
149,Vidyabhushanf3@gmail.com,28,30,93.33333333,24,3,2,60,60,30,149,19,24,6,4,90
150,abhigrover1066@gmail.com,28,30,93.33333333,24,3,2,60,60,30,150,19,24,6,4,90
151,hemakshishukla@gmail.com,27,30,90,24,3,2,60,60,30,151,19,24,6,4,90
152,sanjnasamraa@gmail.com,25,30,83.33333333,24,3,2,60,60,30,152,19,24,6,4,90
153,Nitingarg9160@gmail.com,34,30,113.3333333,24,3,2,60,60,30,153,19,24,6,4,90
154,joshiankush36850@gmail.com,12,30,40,24,3,2,60,60,30,154,19,24,6,4,90
155,rajput14501@gmail.com,15,30,50,24,3,2,60,60,30,155,19,24,6,4,90
156,uic.21mca2073@gmail.com,23,30,76.66666667,24,3,2,60,60,30,156,19,24,6,4,90
157,nakulbansal51@gmail.com,22,30,73.33333333,24,3,2,60,60,30,157,19,24,6,4,90
158,rishavgupta6262@gmail.com,26,30,86.66666667,24,3,2,60,60,30,158,19,24,6,4,90
159,svshweta07@gmail.com,24,30,80,24,3,2,60,60,30,159,19,24,6,4,90
160,Lakshaygangwani67@gmail.com,27,30,90,24,3,2,60,60,30,160,19,24,6,4,90
161,bindumadhavi12131@gmail.com,28,30,93.33333333,24,3,2,60,60,30,161,19,24,6,4,90
162,anuragkaushal043@gmail.com,19,30,63.33333333,24,3,2,60,60,30,162,19,24,6,4,90
163,babakhushboo12@gmail.com,20,30,66.66666667,24,3,2,60,60,30,163,19,24,6,4,90
164,panchasaradipen01@gmail.com,25,30,83.33333333,24,3,2,60,60,30,164,19,24,6,4,90
165,bhadjahardik01@gmail.com,26,30,86.66666667,24,3,2,60,60,30,165,19,24,6,4,90
166,emmanuelniry007@gmail.com,27,30,90,24,3,2,60,60,30,166,19,24,6,4,90
167,animesh0422@gmail.com,28,30,93.33333333,24,3,2,60,60,30,167,19,24,6,4,90
168,monikasharma827883@gmail.com,29,30,96.66666667,24,3,2,60,60,30,168,19,24,6,4,90
169,shaileshchauhan8219@gmail.com,30,30,100,24,3,2,60,60,30,169,19,24,6,4,90
170,manisht20781@gmail.com,17,30,56.66666667,24,3,2,60,60,30,170,19,24,6,4,90
171,akshaja599@outlook.com,14,30,46.66666667,24,3,2,60,60,30,171,19,24,6,4,90
172,shivangpatel83@gmail.com,17,30,56.66666667,24,3,2,60,60,30,172,19,24,6,4,90
173,amardeepsingh82100@gmail.com,18,30,60,24,3,2,60,60,30,173,19,24,6,4,90
174,ramakantpendke348@gmail.com,19,30,63.33333333,24,3,2,60,60,30,174,19,24,6,4,90
175,rahulghogh@gmail.com,16,30,53.33333333,24,3,2,60,60,30,175,19,24,6,4,90
176,jswati603@gmail.com,22,30,73.33333333,24,3,2,60,60,30,176,19,24,6,4,90
177,mohdarsh19e3@gmail.com,22,30,73.33333333,24,3,2,60,60,30,177,19,24,6,4,90
178,sakib04092001@gmail.com,22,30,73.33333333,24,3,2,60,60,30,178,19,24,6,4,90
179,aravind12131@gmail.com,23,30,76.66666667,24,3,2,60,60,30,179,19,24,6,4,90
180,pardeep9536757207@gmail.com,26,30,86.66666667,24,3,2,60,60,30,180,19,24,6,4,90
181,danishsuraj007@gmail.com,27,30,90,24,3,2,60,60,30,181,19,24,6,4,90
182,pradumnadubey0123@gmail.com,336,30,1120,24,3,2,60,60,30,182,19,24,6,4,90
183,taranjitk71@gmail.com,12,30,40,24,3,2,60,60,30,183,19,24,6,4,90
184,dhiraj3971@gmail.com,10,30,33.33333333,24,3,2,60,60,30,184,19,24,6,4,90
185,kkhushpreet2000@gmail.com,7,30,23.33333333,24,3,2,60,60,30,185,19,24,6,4,90
186,deepvaid6@gmail.com,8,30,26.66666667,24,3,2,60,60,30,186,19,24,6,4,90
187,Ranakhushboo37@gmail.com,10,30,33.33333333,24,3,2,60,60,30,187,19,24,6,4,90
188,Kaursomal2751@gmail.com,2,30,6.666666667,24,3,2,60,60,30,188,19,24,6,4,90
189,gursewakgilra@gmail.com,2,30,6.666666667,24,3,2,60,60,30,189,19,24,6,4,90
190,santoshthakur765098@gmail.com,5,30,16.66666667,24,3,2,60,60,30,190,19,24,6,4,90
191,rithambhandari5@gmail.com,6,30,20,24,3,2,60,60,30,191,19,24,6,4,90
192,avleenmultani29@gmail.com,11,30,36.66666667,24,3,2,60,60,30,192,19,24,6,4,90
193,mgurpreet291@gmail.com,11,30,36.66666667,24,3,2,60,60,30,193,19,24,6,4,90
194,theabhikant@gmail.com,12,30,40,24,3,2,60,60,30,194,19,24,6,4,90
195,bhardwajprajwal4644@gmail.com,12,30,40,24,3,2,60,60,30,195,19,24,6,4,90
196,palvithakur4216@gmail.com,1,30,3.333333333,24,3,2,60,60,30,196,19,24,6,4,90
197,hakikat71002@gmail.com,7,30,23.33333333,24,3,2,60,60,30,197,19,24,6,4,90
198,brarn606@gmail.com,9,30,30,24,3,2,60,60,30,198,19,24,6,4,90
199,loveejarewal@gmail.com,11,30,36.66666667,24,3,2,60,60,30,199,19,24,6,4,90
200,adityaanuraag143@gmail.com,12,30,40,24,3,2,60,60,30,200,19,24,6,4,90
201,Kajalpctebtech19cse@gmail.com,2,30,6.666666667,24,3,2,60,60,30,201,19,24,6,4,90
202,ravipctebtech19cse@gmail.com,3,30,10,24,3,2,60,60,30,202,19,24,6,4,90
203,keshavpctebtech19cse@gmail.com,3,30,10,24,3,2,60,60,30,203,19,24,6,4,90
204,gourav.pctebtech19cse@gmail.com,4,30,13.33333333,24,3,2,60,60,30,204,19,24,6,4,90
205,samridhpctebtech19cse@gmail.com,5,30,16.66666667,24,3,2,60,60,30,205,19,24,6,4,90
206,asadpctebtech19cse@gmail.com,6,30,20,24,3,2,60,60,30,206,19,24,6,4,90
207,Anuj.kashyap4848@gmail.com,6,30,20,24,3,2,60,60,30,207,19,24,6,4,90
208,raviarsh786@gmail.com,9,30,30,24,3,2,60,60,30,208,19,24,6,4,90
209,komalpreetjohar2580@gmail.com,10,30,33.33333333,24,3,2,60,60,30,209,19,24,6,4,90
210,manvi50716@gmail.com,10,30,33.33333333,24,3,2,60,60,30,210,19,24,6,4,90
211,Ankukashyap158@gmail.com,10,30,33.33333333,24,3,2,60,60,30,211,19,24,6,4,90
212,Kcharaya41@gmail.com,10,30,33.33333333,24,3,2,60,60,30,212,19,24,6,4,90
213,krishkapil1381@gmail.com,12,30,40,24,3,2,60,60,30,213,19,24,6,4,90
214,pamma02349@gmail.com,12,30,40,24,3,2,60,60,30,214,19,24,6,4,90
215,dineshbhadiar12@gmail.com,12,30,40,24,3,2,60,60,30,215,19,24,6,4,90
216,simranjeet0879111@gmail.com,12,30,40,24,3,2,60,60,30,216,19,24,6,4,90
217,abhishek.dhiman1809@gmail.com,1,30,3.333333333,24,3,2,60,60,30,217,19,24,6,4,90
218,kb10581@gmail.com,26,30,86.66666667,24,3,2,60,60,30,218,19,24,6,4,90
219,tanishgoyal13@gmail.com,27,30,90,24,3,2,60,60,30,219,19,24,6,4,90
220,sgoyal2636.ca20@chitkara.edu.in,25,30,83.33333333,24,3,2,60,60,30,220,19,24,6,4,90
